E_R (keV) Rate (/kg/day/keV)
0. 0.00003480410594383844
0.3431639718201822  0.00003480410594383844
0.5712670825006558  0.00003480410594383844
0.7993701931811295  0.00003675749658911422
1.0274733038616048  0.00003860184365985086
1.2555764145420785  0.00004027244162085993
1.483679525222552  0.00004027244162085993
1.7117826359030257  0.00004046247046709982
1.9398857465834993  0.00004065339598016571
2.1679888572639747  0.000041037953950725895
2.3960919679444483  0.000041037953950725895
2.624195078624922  0.000041037953950725895
2.8522981893053956  0.000041037953950725895
3.080401299985869  0.000041037953950725895
3.3085044106663446  0.000041037953950725895
3.536607521346818  0.000041037953950725895
3.764710632027292  0.00004123159493020062
3.9928137427077655  0.000041621622333496944
4.220916853388239  0.00004181801740050393
4.4490199640687145  0.00004181801740050393
4.677123074749188  0.00004201533917387615
4.905226185429662  0.00004261290856285287
5.133329296110135  0.00004301600240634382
5.361432406790609  0.00004342290928799941
5.589535517471084  0.0000436278038764641
5.817638628151558  0.00004383366527698893
6.045741738832032  0.00004383366527698893
6.273844849512505  0.00004404049805155648
6.501947960192981  0.00004424830678367539
6.7300510708734524  0.00004424830678367539
6.958154181553928  0.00004424830678367539
7.186257292234403  0.00004445709607848218
7.414360402914875  0.00004466687056284307
7.6424635135953505  0.0000450893937169556
7.870566624275822  0.0000450893937169556
8.098669734956298  0.0000450893937169556
8.326772845636773  0.0000450893937169556
8.554875956317245  0.0000450893937169556
8.78297906699772  0.000045302151750013306
9.011082177678192  0.00004551591369944476
9.239185288358668  0.00004573068430231231
9.467288399039143  0.00004594646831803049
9.695391509719615  0.00004594646831803049
9.92349462040009  0.00004616327052847176
10.151597731080562  0.00004594646831803049
10.379700841761037  0.00004594646831803049
10.607803952441513  0.00004616327052847176
10.835907063121985  0.0000463810957380722
11.06401017380246  0.0000463810957380722
11.292113284482932  0.0000463810957380722
11.520216395163407  0.0000463810957380722
11.748319505843883  0.000046599948773937865
11.976422616524355  0.000046819834485951884
12.20452572720483  0.000047262723452489134
12.432628837885302  0.00004770980189638858
12.660731948565777  0.00004770980189638858
12.888835059246253  0.00004770980189638858
13.116938169926724  0.00004770980189638858
13.3450412806072  0.00004770980189638858
13.573144391287672  0.00004770980189638858
13.801247501968147  0.00004816110944771982
14.029350612648622  0.00004816110944771982
14.257453723329094  0.00004838836162547809
14.48555683400957  0.00004861668611143032
14.713659944690042  0.00004861668611143032
14.941763055370517  0.00004838836162547809
15.169866166050992  0.00004861668611143032
15.397969276731464  0.000049076572270891606
15.62607238741194  0.000049076572270891606
15.854175498092411  0.000049076572270891606
16.08227860877289  0.000049540808691478864
16.31038171945336  0.000049540808691478864
16.538484830133832  0.000049540808691478864
16.76658794081431  0.00005000943652418452
16.994691051494783  0.00005000943652418452
17.222794162175255  0.00005000943652418452
17.450897272855734  0.00005000943652418452
17.679000383536206  0.00005000943652418452
17.907103494216678  0.00005000943652418452
18.13520660489715  0.00005024541018610611
18.36330971557763  0.000050482497309265934
18.5914128262581  0.00005072070314762303
18.819515936938572  0.00005096003297992767
19.04761904761905  0.00005096003297992767
19.275722158299523  0.0000514420858660385
19.503825268979995  0.0000514420858660385
19.731928379660474  0.00005168481960235682
19.960031490340945  0.000051928698697883656
20.188134601021417  0.000051928698697883656
20.41623771170189  0.000051928698697883656
20.644340822382368  0.000051928698697883656
20.87244393306284  0.000051928698697883656
21.100547043743312  0.000052173728557091064
21.32865015442379  0.000052419914609952526
21.556753265104263  0.000052419914609952526
21.784856375784734  0.00005291577714476218
22.012959486465213  0.00005291577714476218
22.241062597145685  0.00005341633025671715
22.469165707826157  0.00005341633025671715
22.697268818506636  0.00005341633025671715
22.925371929187108  0.00005341633025671715
23.15347503986758  0.00005341633025671715
23.38157815054806  0.00005341633025671715
23.60968126122853  0.00005341633025671715
23.837784371909002  0.00005341633025671715
24.06588748258948  0.00005366837962845901
24.293990593269953  0.000053921618316005534
24.522093703950425  0.000054176051931241585
24.750196814630897  0.00005494657885988892
24.978299925311376  0.00005494657885988892
25.206403035991848  0.00005494657885988892
25.43450614667232  0.00005494657885988892
25.6626092573528  0.00005494657885988892
25.89071236803327  0.00005494657885988892
26.118815478713742  0.00005494657885988892
26.34691858939422  0.000055205848836213515
26.575021700074693  0.0000554663421993624
26.803124810755165  0.000055728064721987595
27.031227921435637  0.000055728064721987595
27.259331032116116  0.00005599102220397985
27.487434142796587  0.00005599102220397985
27.71553725347706  0.00005625522047259695
27.943640364157538  0.00005625522047259695
28.17174347483801  0.00005652066538259308
28.399846585518482  0.00005652066538259308
28.62794969619896  0.000056787362816348807
28.856052806879433  0.000057055318684001173
29.084155917559904  0.000057055318684001173
29.312259028240376  0.000057324538923574484
29.540362138920855  0.00005759502950111209
29.768465249601327  0.000057324538923574484
29.9965683602818  0.000057324538923574484
30.224671470962278  0.00005759502950111209
30.45277458164275  0.000058139845675143716
30.68087769232322  0.000058414183345012986
30.9089808030037  0.000058689815499864604
31.137083913684172  0.000058689815499864604
31.365187024364644  0.000058689815499864604
31.593290135045116  0.000058689815499864604
31.821393245725595  0.000058689815499864604
32.04949635640607  0.000058689815499864604
32.27759946708654  0.000058689815499864604
32.50570257776702  0.000058689815499864604
32.73380568844749  0.00005924498772587485
32.96190879912796  0.00005924498772587485
33.19001190980844  0.00005980541156492746
33.41811502048891  0.00005980541156492746
33.646218131169384  0.00006008760834518658
33.874321241849856  0.0000603711366942906
34.102424352530335  0.0000603711366942906
34.33052746321081  0.0000603711366942906
34.55863057389128  0.0000603711366942906
34.78673368457176  0.0000603711366942906
35.01483679525223  0.0000603711366942906
35.2429399059327  0.00006094221326115108
35.47104301661318  0.00006094221326115108
35.69914612729365  0.00006151869188705957
35.927249237974124  0.00006151869188705957
36.155352348654596  0.00006210062367241772
36.383455459335075  0.00006210062367241772
36.611558570015546  0.00006239365060081557
36.83966168069602  0.00006268806020100795
37.0677647913765  0.00006268806020100795
37.29586790205697  0.00006268806020100795
37.52397101273744  0.00006268806020100795
37.75207412341792  0.00006268806020100795
37.98017723409839  0.00006268806020100795
38.20828034477886  0.00006328105354456579
38.436383455459335  0.00006328105354456579
38.664486566139814  0.00006328105354456579
38.892589676820286  0.0000638796562673958
39.12069278750076  0.00006328105354456579
39.34879589818124  0.0000638796562673958
39.57689900886171  0.00006448392143103091
39.80500211954218  0.00006478819414699681
40.03310523022266  0.00006478819414699681
40.26120834090313  0.00006448392143103091
40.4893114515836  0.00006509390259893588
40.717414562264075  0.00006509390259893588
40.945517672944554  0.00006509390259893588
41.173620783625026  0.00006509390259893588
41.4017238943055  0.00006509390259893588
41.62982700498598  0.00006509390259893588
41.85793011566645  0.00006509390259893588
42.08603322634692  0.00006540105356148693
42.3141363370274  0.00006570965384125541
42.54223944770787  0.00006570965384125541
42.77034255838834  0.00006633122973960691
42.998445669068815  0.00006633122973960691
43.226548779749294  0.00006633122973960691
43.454651890429766  0.00006633122973960691
43.68275500111024  0.00006633122973960691
43.910858111790716  0.00006633122973960691
44.13896122247119  0.00006695868539191884
44.36706433315166  0.00006695868539191884
44.59516744383214  0.00006727463548629231
44.82327055451261  0.00006759207641731468
45.05137366519308  0.00006759207641731468
45.279476775873555  0.0000682314589610431
45.50757988655403  0.0000682314589610431
45.735682997234505  0.0000682314589610431
45.96378610791498  0.0000682314589610431
46.191889218595456  0.0000682314589610431
46.41999232927593  0.0000682314589610431
46.6480954399564  0.00006855341474275836
46.87619855063688  0.00006887688969945488
47.10430166131735  0.00006952842584502679
47.33240477199782  0.00006952842584502679
47.560507882678294  0.00006952842584502679
47.78861099335877  0.00006952842584502679
48.016714104039245  0.00006952842584502679
48.24481721471972  0.00006952842584502679
48.472920325400196  0.00006952842584502679
48.70102343608067  0.00006952842584502679
48.92912654676114  0.00006952842584502679
49.15722965744162  0.00006985650147224074
49.38533276812209  0.00007018612515143305
49.61343587880256  0.00007051730418721486
49.84153898948304  0.00007152024699819756
50.06964210016351  0.0000708500459186647
50.297745210843985  0.0000708500459186647
50.52584832152446  0.0000711843577194915
50.753951432204936  0.00007152024699819756
50.98205454288541  0.00007152024699819756
51.21015765356588  0.00007152024699819756
51.43826076424636  0.00007152024699819756
51.66636387492683  0.00007152024699819756
51.8944669856073  0.00007152024699819756
52.12257009628778  0.00007185772119824258
52.35067320696825  0.00007219678779820883
52.578776317648725  0.00007253745431196716
52.8068794283292  0.00007287972828884325
53.034982539009675  0.00007253745431196716
53.26308564969015  0.00007287972828884325
53.49118876037062  0.00007287972828884325
53.7192918710511  0.00007322361731378462
53.94739498173157  0.00007287972828884325
54.17549809241204  0.00007356912900752896
54.40360120309252  0.00007356912900752896
54.631704313772985  0.00007391627102677339
54.859807424453464  0.00007426505106434372
55.08791053513394  0.00007426505106434372
55.31601364581441  0.00007426505106434372
55.54411675649489  0.00007426505106434372
55.772219867175366  0.00007426505106434372
56.00032297785583  0.00007426505106434372
56.22842608853631  0.00007496755614743181
56.45652919921679  0.00007496755614743181
56.68463230989725  0.00007496755614743181
56.91273542057773  0.00007496755614743181
57.14083853125821  0.00007496755614743181
57.368941641938676  0.00007567670652847217
57.597044752619155  0.00007603379332654184
57.825147863299634  0.00007639256506819842
58.0532509739801  0.00007639256506819842
58.28135408466058  0.00007639256506819842
58.50945719534104  0.00007639256506819842
58.73756030602152  0.00007639256506819842
58.965663416702  0.00007639256506819842
59.193766527382465  0.00007639256506819842
59.421869638062944  0.00007639256506819842
59.64997274874342  0.00007675302970398771
59.87807585942389  0.00007711519522197087
60.10617897010437  0.00007747906964790101
60.334282080784845  0.00007784466104540142
60.56238519146531  0.00007784466104540142
60.79048830214579  0.00007858102720003159
61.01859141282627  0.00007858102720003159
61.24669452350673  0.00007858102720003159
61.47479763418721  0.00007858102720003159
61.70290074486769  0.00007858102720003159
61.931003855548155  0.00007858102720003159
62.159106966228634  0.00007858102720003159
62.38721007690911  0.00007895181827537163
62.61531318758958  0.00007895181827537163
62.84341629827006  0.00007858102720003159
63.07151940895052  0.00007895181827537163
63.299622519631  0.00007969865750678113
63.52772563031148  0.00008045256141193449
63.755828740991944  0.00008045256141193449
63.98393185167242  0.00008083218347622542
64.2120349623529  0.00008083218347622542
64.44013807303337  0.00008083218347622542
64.66824118371385  0.00008121359681862072
64.89634429439432  0.00008159680989141441
65.12444740507479  0.00008159680989141441
65.35255051575527  0.00008159680989141441
65.58065362643575  0.00008159680989141441
65.80875673711621  0.00008159680989141441
66.03685984779669  0.00008159680989141441
66.26496295847717  0.00008236866923697422
66.49306606915763  0.00008236866923697422
66.72116917983811  0.00008236866923697422
66.94927229051859  0.00008236866923697422
67.17737540119906  0.00008275733261449596
67.40547851187954  0.00008314782993230641
67.63358162256  0.00008354016984400432
67.86168473324048  0.00008472833229205929
68.08978784392096  0.00008393436104402112
68.31789095460142  0.00008393436104402112
68.5459940652819  0.00008433041226781406
68.77409717596238  0.00008472833229205929
69.00220028664285  0.00008472833229205929
69.23030339732333  0.00008472833229205929
69.4584065080038  0.00008472833229205929
69.68650961868427  0.00008472833229205929
69.91461272936475  0.00008472833229205929
70.14271584004523  0.00008512812993484613
70.37081895072569  0.00008552981405587275
70.59892206140617  0.00008552981405587275
70.82702517208665  0.0000863388773806629
71.05512828276711  0.0000863388773806629
71.2832313934476  0.0000863388773806629
71.51133450412807  0.0000863388773806629
71.73943761480854  0.0000863388773806629
71.96754072548902  0.0000863388773806629
72.19564383616948  0.0000863388773806629
72.42374694684996  0.0000863388773806629
72.65185005753044  0.0000863388773806629
72.8799531682109  0.0000863388773806629
73.10805627889138  0.00008715559398367827
73.33615938957186  0.00008715559398367827
73.56426250025233  0.00008715559398367827
73.7923656109328  0.0000879800362605717
74.02046872161328  0.0000879800362605717
74.24857183229375  0.0000888122772918177
74.47667494297423  0.0000888122772918177
74.7047780536547  0.0000888122772918177
74.93288116433517  0.0000888122772918177
75.16098427501565  0.0000888122772918177
75.38908738569613  0.0000888122772918177
75.6171904963766  0.00008923134536681994
75.84529360705707  0.00008965239084919038
76.07339671773755  0.00009007542306948901
76.30149982841802  0.00009050045140230286
76.5296029390985  0.00009050045140230286
76.75770604977896  0.00009050045140230286
76.98580916045944  0.00009050045140230286
77.21391227113992  0.00009050045140230286
77.44201538182038  0.00009050045140230286
77.67011849250086  0.00009050045140230286
77.89822160318134  0.00009050045140230286
78.1263247138618  0.00009050045140230286
78.35442782454228  0.00009050045140230286
78.58253093522276  0.00009050045140230286
78.81063404590323  0.00009135653412520842
79.03873715658371  0.00009092748526645411
79.26684026726419  0.00009135653412520842
79.49494337794465  0.00009178760748648425
79.72304648862513  0.0000930930703388569
79.95114959930561  0.00009222071490306399
80.17925270998607  0.00009222071490306399
80.40735582066655  0.00009222071490306399
80.63545893134703  0.000092655865972806
80.8635620420275  0.0000930930703388569
81.09166515270798  0.0000930930703388569
81.31976826338845  0.0000930930703388569
81.54787137406892  0.0000930930703388569
81.7759744847494  0.0000930930703388569
82.00407759542986  0.0000930930703388569
82.23218070611034  0.00009353233768986496
82.46028381679082  0.00009397367776019512
82.68838692747129  0.00009397367776019512
82.91649003815176  0.00009353233768986496
83.14459314883224  0.00009397367776019512
83.37269625951271  0.00009397367776019512
83.60079937019319  0.00009441710033014509
83.82890248087367  0.00009486261522616172
84.05700559155413  0.00009486261522616172
84.28510870223461  0.00009486261522616172
84.51321181291509  0.00009486261522616172
84.74131492359555  0.00009575996153423426
84.96941803427603  0.00009531023232105842
85.19752114495651  0.00009575996153423426
85.42562425563698  0.00009575996153423426
85.65372736631745  0.00009666579622726953
85.88183047699793  0.00009666579622726953
86.1099335876784  0.00009666579622726953
86.33803669835888  0.00009666579622726953
86.56613980903934  0.00009666579622726953
86.79424291971982  0.00009666579622726953
87.0223460304003  0.00009666579622726953
87.25044914108076  0.00009758019960055445
87.47855225176124  0.00009758019960055445
87.70665536244172  0.00009758019960055445
87.93475847312219  0.00009758019960055445
88.16286158380267  0.00009758019960055445
88.39096469448315  0.00009758019960055445
88.61906780516361  0.00009804063984206041
88.84717091584409  0.00009850325270892363
89.07527402652457  0.00009896804845285632
89.30337713720503  0.00009943503737394424
89.53148024788551  0.00009943503737394424
89.75958335856599  0.00009943503737394424
89.98768646924646  0.00009943503737394424
90.21578957992693  0.00009943503737394424
90.44389269060741  0.00009943503737394424
90.67199580128788  0.00009943503737394424
90.90009891196836  0.00009943503737394424
91.12820202264882  0.00009943503737394424
91.3563051333293  0.00009943503737394424
91.58440824400978  0.00009943503737394424
91.81251135469024  0.00010037563619116888
92.04061446537072  0.00010037563619116888
92.2687175760512  0.000101325132537457
92.49682068673167  0.000101325132537457
92.72492379741215  0.00010180324355472444
92.95302690809262  0.000101325132537457
93.18113001877309  0.000101325132537457
93.40923312945357  0.000101325132537457
93.63733624013405  0.0001022836105783657
93.86543935081451  0.0001022836105783657
94.09354246149499  0.0001022836105783657
94.32164557217547  0.0001022836105783657
94.54974868285593  0.0001022836105783657
94.77785179353641  0.0001022836105783657
95.00595490421689  0.0001022836105783657
95.23405801489736  0.0001022836105783657
95.46216112557784  0.0001022836105783657
95.6902642362583  0.0001022836105783657
95.91836734693878  0.0001022836105783657
96.14647045761926  0.00010325115527561027
96.37457356829972  0.00010325115527561027
96.6026766789802  0.00010325115527561027
96.83077978966068  0.00010422785239459546
97.05888290034115  0.00010373835439044599
97.28698601102163  0.00010521378851201788
97.5150891217021  0.00010521378851201788
97.74319223238257  0.00010521378851201788
97.97129534306305  0.00010521378851201788
98.19939845374353  0.00010521378851201788
98.42750156442399  0.00010521378851201788
98.65560467510447  0.00010571024847408551
98.88370778578495  0.0001062090510235404
99.11181089646541  0.00010521378851201788
99.3399140071459  0.00010521378851201788
99.56801711782637  0.00010521378851201788
99.79612022850684  0.00010471966013555805
99.9671975615172  0.00010422785239459546
100. 0.00010422785239459546

