E_R (keV) Rate (/kg/day/keV)
0. 0.000003790545319863457
0.22911241647994451  0.000003790545319863457
0.4572155271604199  0.000003790545319863457
0.7912957467853605  0.0000039422547112067905
0.8902077151335313  0.000004492439834714383
0.9891196834817002  0.0000055549589131838355
1.088031651829871  0.000006540377817119512
1.2555764145420785  0.00000660609780546091
1.483679525222552  0.000006668587727991125
1.7117826359030257  0.000006731668769595387
1.9398857465834993  0.000006731668769595387
2.1679888572639747  0.000006731668769595387
2.3960919679444483  0.000006795346521923448
2.624195078624922  0.000006763432705380516
2.8522981893053956  0.000006731668769595387
3.080401299985869  0.000006731668769595387
3.3085044106663446  0.000006731668769595387
3.536607521346818  0.000006731668769595387
3.764710632027292  0.000006731668769595387
3.9928137427077655  0.000006731668769595387
4.220916853388239  0.000006731668769595387
4.4490199640687145  0.000006668587727991125
4.677123074749188  0.000006763432705380516
4.905226185429662  0.000007122885382881718
5.133329296110135  0.000007361511579609005
5.361432406790609  0.000007572401072724527
5.589535517471084  0.000007608132073408865
5.817638628151558  0.000007680100669373937
6.045741738832032  0.000007680100669373937
6.273844849512505  0.000007680100669373937
6.501947960192981  0.000007680100669373937
6.7300510708734524  0.000007680100669373937
6.958154181553928  0.000007680100669373937
7.186257292234403  0.000007644031673774817
7.414360402914875  0.000007608132073408865
7.6424635135953505  0.000007572401072724527
7.870566624275822  0.000007536837879906491
8.098669734956298  0.000007536837879906491
8.326772845636773  0.000007501441706858177
8.554875956317245  0.000007466211769184239
8.78297906699772  0.000007431147286173154
9.011082177678192  0.000007396247480779947
9.239185288358668  0.000007396247480779947
9.467288399039143  0.000007396247480779947
9.695391509719615  0.000007396247480779947
9.92349462040009  0.000007396247480779947
10.151597731080562  0.000007396247480779947
10.379700841761037  0.000007396247480779947
10.607803952441513  0.000007396247480779947
10.835907063121985  0.0000073269388128969095
11.06401017380246  0.0000073269388128969095
11.292113284482932  0.000007258279621854149
11.520216395163407  0.000007258279621854149
11.691293728173763  0.000007258279621854149
13.002886614586489  0.000007056138333292859
13.23098972526696  0.0000071902638215418186
13.459092835947436  0.0000071902638215418186
13.687195946627911  0.0000071902638215418186
13.915299057308383  0.0000071902638215418186
14.143402167988858  0.0000071902638215418186
14.37150527866933  0.000007122885382881718
14.599608389349806  0.000007156495306609483
14.827711500030281  0.000007122885382881718
15.055814610710753  0.000007089433305547275
15.283917721391228  0.000007056138333292859
15.5120208320717  0.000007056138333292859
15.740123942752176  0.000007022999728286662
15.968227053432651  0.000006990016756162048
16.19633016411312  0.000006990016756162048
16.4244332747936  0.000006990016756162048
16.652536385474072  0.000006990016756162048
16.880639496154544  0.000006990016756162048
17.108742606835023  0.0000069571886860013035
17.336845717515494  0.000006924514790319415
17.564948828195966  0.000006924514790319415
17.793051938876438  0.000006924514790319415
18.021155049556917  0.000006924514790319415
18.24925816023739  0.000006924514790319415
18.47736127091786  0.000006924514790319415
18.70546438159834  0.000006891994345047919
18.93356749227881  0.0000068596266295188774
19.161670602959283  0.0000068596266295188774
19.389773713639762  0.0000068596266295188774
19.617876824320234  0.0000068596266295188774
19.845979935000706  0.0000068596266295188774
20.074083045681185  0.0000068596266295188774
20.302186156361657  0.000006795346521923448
20.53028926704213  0.000006795346521923448
20.7583923777226  0.000006763432705380516
20.98649548840308  0.000006763432705380516
21.21459859908355  0.000006795346521923448
21.442701709764023  0.000006795346521923448
21.670804820444502  0.000006731668769595387
21.898907931124974  0.000006731668769595387
22.127011041805446  0.000006731668769595387
22.355114152485925  0.000006731668769595387
22.583217263166397  0.000006731668769595387
22.81132037384687  0.000006731668769595387
23.039423484527347  0.000006731668769595387
23.26752659520782  0.000006731668769595387
23.49562970588829  0.000006731668769595387
23.72373281656877  0.000006700054010664752
23.951835927249242  0.000006700054010664752
24.179939037929714  0.000006668587727991125
24.408042148610186  0.000006668587727991125
24.636145259290664  0.00000660609780546091
24.864248369971136  0.00000660609780546091
25.092351480651608  0.00000660609780546091
25.320454591332087  0.00000660609780546091
25.54855770201256  0.000006544193462753158
25.77666081269303  0.000006544193462753158
26.00476392337351  0.000006544193462753158
26.23286703405398  0.000006544193462753158
26.460970144734453  0.000006544193462753158
26.689073255414925  0.000006544193462753158
26.917176366095404  0.000006544193462753158
27.145279476775876  0.000006544193462753158
27.373382587456348  0.000006544193462753158
27.601485698136827  0.000006544193462753158
27.8295888088173  0.000006482869212523436
28.05769191949777  0.000006482869212523436
28.28579503017825  0.00000645242292136626
28.51389814085872  0.000006422119618848053
28.742001251539193  0.000006422119618848053
28.970104362219665  0.000006482869212523436
29.198207472900144  0.000006422119618848053
29.426310583580616  0.000006422119618848053
29.654413694261088  0.000006361939296742209
29.882516804941567  0.000006361939296742209
30.11061991562204  0.000006361939296742209
30.33872302630251  0.000006361939296742209
30.56682613698299  0.000006361939296742209
30.79492924766346  0.000006361939296742209
31.023032358343933  0.000006361939296742209
31.251135469024405  0.0000063320609435311475
31.479238579704884  0.000006302322911682653
31.707341690385356  0.000006302322911682653
31.935444801065827  0.000006302322911682653
32.163547911746306  0.000006302322911682653
32.39165102242678  0.000006302322911682653
32.61975413310725  0.000006302322911682653
32.84785724378773  0.000006302322911682653
33.0759603544682  0.000006302322911682653
33.30406346514867  0.000006302322911682653
33.532166575829145  0.000006302322911682653
33.76026968650962  0.0000063320609435311475
33.988372797190095  0.000006361939296742209
34.21647590787057  0.000006361939296742209
34.444579018551046  0.000006361939296742209
34.67268212923152  0.000006361939296742209
34.90078523991199  0.000006422119618848053
35.12888835059247  0.000006482869212523436
35.35699146127294  0.000006544193462753158
35.58509457195341  0.000006544193462753158
35.81319768263389  0.000006482869212523436
36.04130079331436  0.000006482869212523436
36.269403903994835  0.000006482869212523436
36.49750701467531  0.000006422119618848053
36.725610125355786  0.00000645242292136626
36.95371323603626  0.000006482869212523436
37.18181634671673  0.00000645242292136626
37.40991945739721  0.000006422119618848053
37.63802256807768  0.000006391958633433778
37.86612567875815  0.000006361939296742209
38.09422878943863  0.000006391958633433778
38.3223319001191  0.000006422119618848053
38.550435010799575  0.000006361939296742209
38.77853812148005  0.000006361939296742209
39.006641232160526  0.000006361939296742209
39.234744342841  0.000006361939296742209
39.46284745352147  0.000006361939296742209
39.69095056420195  0.000006361939296742209
39.91905367488242  0.000006361939296742209
40.14715678556289  0.0000063320609435311475
40.37525989624337  0.000006302322911682653
40.60336300692384  0.000006302322911682653
40.831466117604315  0.000006302322911682653
41.059569228284786  0.000006302322911682653
41.287672338965265  0.000006302322911682653
41.51577544964574  0.000006302322911682653
41.74387856032621  0.000006302322911682653
41.97198167100669  0.000006302322911682653
42.20008478168716  0.000006302322911682653
42.42818789236763  0.000006302322911682653
42.65629100304811  0.000006272724542188345
42.88439411372858  0.000006243265179134822
43.112497224409054  0.000006243265179134822
43.340600335089526  0.000006243265179134822
43.568703445770005  0.000006243265179134822
43.79680655645048  0.000006243265179134822
44.02490966713095  0.000006243265179134822
44.25301277781143  0.000006243265179134822
44.4811158884919  0.000006243265179134822
44.70921899917237  0.000006243265179134822
44.93732210985285  0.000006243265179134822
45.16542522053332  0.00000621394416968916
45.393528331213794  0.000006184760864084408
45.621631441894266  0.000006155714615605173
45.849734552574745  0.0000061268047805733095
46.07783766325522  0.000006184760864084408
46.30594077393569  0.000006184760864084408
46.53404388461617  0.000006184760864084408
46.76214699529664  0.0000061268047805733095
46.99025010597711  0.0000061268047805733095
47.21835321665759  0.0000061268047805733095
47.44645632733806  0.0000061268047805733095
47.674559438018534  0.0000061268047805733095
47.902662548699006  0.0000061268047805733095
48.130765659379485  0.0000061268047805733095
48.358868770059956  0.0000061268047805733095
48.58697188074043  0.0000061268047805733095
48.81507499142091  0.0000061268047805733095
49.04317810210138  0.0000061268047805733095
49.27128121278185  0.0000061268047805733095
49.49938432346233  0.0000061268047805733095
49.7274874341428  0.0000061268047805733095
49.95559054482327  0.0000061268047805733095
50.183693655503745  0.0000060980307183336824
50.411796766184224  0.000006069391791239943
50.639899876864696  0.000006069391791239943
50.86800298754517  0.0000061268047805733095
51.09610609822565  0.0000060980307183336824
51.32420920890612  0.000006069391791239943
51.55231231958659  0.000006040887364640373
51.78041543026707  0.000006012516806863849
52.00851854094754  0.000006040887364640373
52.23662165162801  0.000005956174785914577
52.464724762308485  0.000005956174785914577
52.692827872988964  0.000005928202074176911
52.920930983669436  0.000005984279489205865
53.14903409434991  0.000005956174785914577
53.37713720503039  0.000005956174785914577
53.60524031571086  0.000005928202074176911
53.83334342639133  0.000005900360734104788
54.06144653707181  0.000005956174785914577
54.28954964775228  0.000005956174785914577
54.51765275843276  0.000005956174785914577
54.745755869113225  0.000005900360734104788
54.973858979793704  0.000005900360734104788
55.20196209047418  0.000005900360734104788
55.43006520115465  0.000005900360734104788
55.65816831183513  0.000005900360734104788
55.88627142251559  0.000005900360734104788
56.11437453319607  0.000005900360734104788
56.34247764387655  0.000005872650148721407
56.570580754557014  0.000005872650148721407
56.79868386523749  0.000005900360734104788
57.02678697591797  0.000005900360734104788
57.25489008659844  0.000005845069703947552
57.482993197278915  0.000005845069703947552
57.711096307959394  0.0000058176187885879586
57.93919941863986  0.0000058176187885879586
58.16730252932034  0.000005845069703947552
58.39540564000082  0.000005845069703947552
58.62350875068128  0.000005790296794317792
58.85161186136176  0.000005790296794317792
59.07971497204224  0.000005790296794317792
59.307818082722704  0.000005790296794317792
59.53592119340318  0.000005790296794317792
59.76402430408366  0.000005790296794317792
59.99212741476413  0.000005790296794317792
60.220230525444606  0.000005736037150017833
60.44833363612507  0.000005736037150017833
60.67643674680555  0.000005736037150017833
60.90453985748603  0.000005736037150017833
61.13264296816649  0.000005736037150017833
61.36074607884697  0.000005736037150017833
61.58884918952745  0.000005736037150017833
61.816952300207916  0.00000568228596134703
62.045055410888395  0.00000568228596134703
62.273158521568874  0.00000568228596134703
62.50126163224934  0.00000568228596134703
62.72936474292982  0.00000568228596134703
62.9574678536103  0.00000568228596134703
63.18557096429076  0.00000568228596134703
63.41367407497124  0.00000568228596134703
63.64177718565172  0.00000568228596134703
63.869880296332184  0.00000568228596134703
64.09798340701266  0.00000568228596134703
64.32608651769314  0.00000568228596134703
64.5541896283736  0.00000568228596134703
64.78229273905409  0.000005655599547176697
65.01039584973456  0.00000568228596134703
65.23849896041503  0.000005629038463675426
65.46660207109551  0.000005629038463675426
65.69470518177597  0.000005576289937021397
65.92280829245645  0.000005576289937021397
66.15091140313693  0.000005576289937021397
66.3790145138174  0.000005576289937021397
66.60711762449787  0.000005576289937021397
66.83522073517835  0.000005576289937021397
67.06332384585882  0.000005576289937021397
67.2914269565393  0.0000055240357056332674
67.51953006721978  0.0000055240357056332674
67.74763317790024  0.0000055240357056332674
67.97573628858072  0.0000055240357056332674
68.2038393992612  0.0000055240357056332674
68.43194250994166  0.0000055240357056332674
68.66004562062214  0.0000055240357056332674
68.88814873130262  0.0000055240357056332674
69.11625184198309  0.0000055240357056332674
69.34435495266356  0.0000055240357056332674
69.57245806334404  0.0000055240357056332674
69.80056117402451  0.0000055240357056332674
70.02866428470499  0.0000055240357056332674
70.25676739538545  0.0000055240357056332674
70.48487050606593  0.0000055240357056332674
70.71297361674641  0.000005472271137574844
70.94107672742687  0.000005472271137574844
71.16917983810735  0.000005420991644314823
71.39728294878783  0.000005420991644314823
71.6253860594683  0.000005420991644314823
71.85348917014878  0.000005395532378586538
72.08159228082926  0.000005420991644314823
72.30969539150972  0.000005420991644314823
72.5377985021902  0.000005420991644314823
72.76590161287068  0.000005370192680320054
72.99400472355114  0.000005370192680320054
73.22210783423162  0.000005370192680320054
73.4502109449121  0.000005370192680320054
73.67831405559257  0.000005370192680320054
73.90641716627304  0.000005370192680320054
74.13452027695352  0.0000053449719879760985
74.36262338763399  0.000005319869742652619
74.59072649831447  0.000005319869742652619
74.81882960899493  0.0000053449719879760985
75.04693271967541  0.0000053449719879760985
75.27503583035589  0.000005319869742652619
75.50313894103635  0.000005319869742652619
75.73124205171683  0.000005319869742652619
75.95934516239731  0.0000053449719879760985
76.18744827307778  0.000005319869742652619
76.41555138375826  0.000005319869742652619
76.64365449443874  0.000005270018370570671
76.8717576051192  0.000005270018370570671
77.09986071579968  0.000005270018370570671
77.32796382648016  0.000005270018370570671
77.55606693716062  0.000005270018370570671
77.7841700478411  0.000005270018370570671
78.01227315852158  0.00000524526813908303
78.24037626920205  0.000005220634145133034
78.46847937988252  0.000005220634145133034
78.696582490563  0.000005171712688807494
78.92468560124347  0.000005196115842820119
79.15278871192395  0.000005220634145133034
79.38089182260441  0.000005220634145133034
79.60899493328489  0.000005196115842820119
79.83709804396537  0.000005171712688807494
80.06520115464583  0.000005171712688807494
80.29330426532631  0.000005171712688807494
80.52140737600679  0.000005171712688807494
80.74951048668726  0.000005171712688807494
80.97761359736774  0.000005171712688807494
81.20571670804821  0.000005171712688807494
81.43381981872868  0.000005171712688807494
81.66192292940916  0.000005171712688807494
81.89002604008964  0.000005171712688807494
82.1181291507701  0.000005171712688807494
82.34623226145058  0.000005123249665082759
82.57433537213106  0.000005099188721407909
82.80243848281152  0.000005099188721407909
83.030541593492  0.00000507524077808407
83.25864470417248  0.00000507524077808407
83.48674781485295  0.00000507524077808407
83.71485092553343  0.00000507524077808407
83.94295403621389  0.00000507524077808407
84.17105714689437  0.00000507524077808407
84.39916025757485  0.00000507524077808407
84.62726336825531  0.00000507524077808407
84.85536647893579  0.000005051405304413891
85.08346958961627  0.000005027681772192398
85.31157270029674  0.000005027681772192398
85.53967581097722  0.000005027681772192398
85.7677789216577  0.000005027681772192398
85.99588203233816  0.000005027681772192398
86.22398514301864  0.000005027681772192398
86.45208825369912  0.000005027681772192398
86.68019136437958  0.000005027681772192398
86.90829447506006  0.000005027681772192398
87.13639758574054  0.000005027681772192398
87.364500696421  0.000005027681772192398
87.59260380710148  0.0000049805684316672194
87.82070691778196  0.0000049805684316672194
88.04881002846243  0.000004957177579310389
88.2769131391429  0.00000493389658027282
88.50501624982337  0.000004910724918636931
88.73311936050385  0.000004887662080908107
88.96122247118433  0.000004887662080908107
89.1893255818648  0.000004887662080908107
89.41742869254527  0.000004887662080908107
89.64553180322575  0.000004887662080908107
89.87363491390622  0.000004887662080908107
90.1017380245867  0.000004887662080908107
90.32984113526717  0.0000048418608352398845
90.55794424594764  0.0000048418608352398845
90.78604735662812  0.0000048418608352398845
91.0141504673086  0.0000048418608352398845
91.24225357798906  0.0000048418608352398845
91.47035668866954  0.0000048418608352398845
91.69845979935002  0.0000048418608352398845
91.92656291003048  0.0000048418608352398845
92.15466602071096  0.0000048418608352398845
92.38276913139144  0.0000048418608352398845
92.6108722420719  0.000004796488783339569
92.83897535275239  0.000004796488783339569
93.06707846343286  0.000004796488783339569
93.29518157411333  0.000004796488783339569
93.52328468479381  0.000004796488783339569
93.75138779547427  0.000004773962446737316
93.97949090615475  0.000004796488783339569
94.20759401683523  0.000004751541903323307
94.4356971275157  0.000004751541903323307
94.66380023819617  0.000004729226656248049
94.89190334887665  0.000004707016210995467
95.12000645955712  0.000004707016210995467
95.3481095702376  0.000004707016210995467
95.57621268091808  0.000004707016210995467
95.80431579159854  0.000004707016210995467
96.03241890227902  0.000004707016210995467
96.2605220129595  0.000004707016210995467
96.48862512363996  0.000004707016210995467
96.71672823432044  0.000004707016210995467
96.94483134500092  0.000004707016210995467
97.17293445568139  0.000004707016210995467
97.40103756636186  0.000004707016210995467
97.62914067704234  0.000004707016210995467
97.85724378772281  0.000004707016210995467
98.08534689840329  0.000004684910075371958
98.31345000908375  0.00000466290775949547
98.54155311976423  0.00000466290775949547
98.76965623044471  0.000004619212638947932
98.99775934112517  0.000004619212638947932
99.22586245180565  0.00000457592697611608
99.45396556248613  0.00000457592697611608
99.62504289549648  0.00000457592697611608
100. 0.00000457592697611608

