# E_R (keV)	Rate (/keV/ton/yr)
0.21564202379976535 2.640565603323275e-31
0.2228673577152487 2.6387138966179412e-31
0.2335188798427626 2.6376337343731632e-31
0.24134123626917045 2.63994836775483e-31
0.24942599953698943 2.641491456675942e-31
0.25637045126764774 2.641491456675942e-31
0.26641870505066745 2.641491456675942e-31
0.275346862414321 2.6368621899126076e-31
0.28457121890095133 2.6376337343731632e-31
0.29410282810688 2.641491456675942e-31
0.30395598318055683 2.641491456675942e-31
0.31071027617151686 2.6368621899126076e-31
0.3318766114784461 2.639176823294275e-31
0.3429952795282314 2.639176823294275e-31
0.354487517206475 2.6376337343731632e-31
0.36656221680178647 2.641491456675942e-31
0.37450026741968767 2.639176823294275e-31
0.4000205625879463 2.630689834228162e-31
0.4134228400121415 2.6299182897676062e-31
0.4272715738343075 2.632232923149273e-31
0.4415828793919093 2.636090645452052e-31
0.450152789553905 2.6368621899126076e-31
0.48747234652766497 2.632232923149273e-31
0.5038053645084737 2.630689834228162e-31
0.5192536600941584 2.6331587765019402e-31
0.539606405349453 2.632232923149273e-31
0.5875575648641721 2.6299182897676062e-31
0.6072412481544079 2.630689834228162e-31
0.6275843517483544 2.631461378688718e-31
0.6499             2.6283752008464945e-31
0.7081             3.642956166477251e-31
0.746704502550788 3.6360122663322495e-31
0.7717197450028193 3.6367838107928048e-31
0.7975730195717008 3.6375553552533604e-31
0.8242973651158616 3.6352407218716934e-31
0.8542495582886077 3.639098444174472e-31
0.8732202503247133 3.641413077556139e-31
0.9612             3.6360122663322495e-31
0.96121             4.029345632323549e-31
1.0248             4.037215385821217e-31
1.02481             4.238588490026257e-31
1.1705             4.238588490026257e-31
1.17051             4.429931516244073e-31
1.2357119869579687 4.431860377395462e-31
1.4021083961823082 4.4276168828624055e-31
1.4976414484747824 4.423759160559627e-31
1.7562331621960692 4.421290218285849e-31
1.815095262590498 4.414500627032958e-31
2.152022110120303 4.409099815809068e-31
2.2241334426017962 4.406013637966845e-31
2.267304587577658 4.40524209350629e-31
2.5797110971934725 4.395983559979621e-31
2.6661256076304647 4.398298193361289e-31
3.0097711270562018 4.39003164556962e-31
3.1094057319957376 4.386725026452953e-31
3.3212809723449537 4.380552670768507e-31
3.385763395759998 4.377466492926285e-31
3.6664463620222003 4.374380315084061e-31
3.7893211053637623 4.368979503860172e-31
3.9162784106954853 4.368207959399616e-31
4.047489289933695 4.36743641493906e-31
4.137423480026978 4.363578692636282e-31
4.492767508202647 4.357406336951836e-31
4.8356            4.361726985930948e-31
4.83561            4.75e-31
4.9151920876040665 4.746881980640358e-31
5.1615            4.75e-31
5.16151            4.915232981933613e-31
5.5098            4.94281569639848e-31
5.50981            5.125864619665321e-31
5.650025046841821 5.117377630599209e-31
5.839402446490195 5.109662185993651e-31
6.035054704172242 5.10811909707254e-31
6.169179959868902 5.101946741388094e-31
6.699092687267813 5.0903735744797585e-31
6.923611862424391 5.084201218795313e-31
7.155623447548982 5.080343496492534e-31
7.395465457119757 5.072628051886977e-31
7.53901381860647 5.071856507426421e-31
8.164250976443576 5.053339440373084e-31
8.437887434903244 5.046395540228083e-31
8.720695207622407 5.039451640083082e-31
9.012981684214715 5.03250773993808e-31
9.213303345716955 5.025563839793079e-31
10.004862175908388 5.00550368381863e-31
10.340220466328425 4.9970166947525176e-31
10.686819809446245 4.988529705686405e-31
11.045037000079095 4.980042716620292e-31
11.259526428310497 4.974641905396402e-31
12.193447398086162 4.9507240271191755e-31
12.602203985659735 4.940693949131952e-31
13.024663174510028 4.930663871144727e-31
13.461284312051765 4.920633793157503e-31
13.722716787827785 4.914461437473057e-31
14.779617585605813 4.8882289258141634e-31
15.275138426068613 4.875884214445272e-31
15.787272748031238 4.863539503076381e-31
16.31662668771968 4.849651702786378e-31
16.679278458544903 4.842707802641376e-31
18.013558700263825 4.808759846376925e-31
18.617617009908315 4.793328957165811e-31
19.24187359108597 4.7794411568758084e-31
19.887151582733093 4.763238723204138e-31
20.27338124357995 4.757066367519692e-31
21.835427912980514 4.71617451111024e-31
22.567782916560045 4.697657444056904e-31
23.32466581448908 4.679911921464121e-31
24.106969499314364 4.661394854410785e-31
24.57537451308278 4.6505932319630055e-31
26.46912518326348 4.605072108790218e-31
27.356975653840102 4.58501195281577e-31
28.2747348854912 4.562637163459655e-31
29.22337067581191 4.538719285182427e-31

