0.2537840242794526 2.20865501430419e-31
0.26428436825626794 2.18421052631579e-31
0.28298301560555855 2.151315789473685e-31
0.29928065402963994 2.141530646235843e-31
0.3149552912969438 2.156344299878513e-31
0.3349350231669094 2.1600477132891804e-31
0.36113093874833513 2.18421052631579e-31
0.39042275797173276 2.2171052631578954e-31
0.41602840832821925 2.22485744797586e-31
0.4359009330907792 2.236430614884195e-31
0.44926313697819165 2.2433745150291966e-31
0.4686598935168695 2.2544847552611985e-31
0.48382238565408386 2.261891582082534e-31
0.504157432959326 2.272693204530314e-31
0.5210400800619706 2.2804086491358707e-31
0.538489695370309 2.286581004820317e-31
0.5568267551627971 2.295222302778541e-31
0.5751616582349558 2.2989257161892073e-31
0.6059571990049224 2.308184249715876e-31
0.6314274718919309 2.317442783242545e-31
0.6499             2.3232293666967125e-31
0.7081             3.208576635184387e-31
0.7364222996970347 3.1423781204687076e-31
0.7598494610807996 3.136823000352706e-31
0.7853086178902952 3.135279911431595e-31
0.8116146875237396 3.137594544813262e-31
0.8387931112798988 3.1453099894188193e-31
0.8668829601178997 3.1522538895638206e-31
0.8959202376012892 3.1553400674060432e-31
0.9259343353932782 3.156111611866599e-31
0.9612             3.164598600932712e-31
0.96121             3.4631863071677707e-31
1.0248             3.457785495943881e-31
1.02481             3.6537577889250305e-31
1.1705             3.6591586001489205e-31
1.17051             3.810638495904691e-31
1.2236950975428333 3.810638495904691e-31
1.264694377582868 3.8096097699572836e-31
1.3070378001293312 3.820154210918212e-31
1.3508118092861991 3.8258122036289537e-31
1.3960420455171692 3.835070737155622e-31
1.4427911037559304 3.842786181761179e-31
1.4911056409523136 3.850501626366736e-31
1.541038080073946 3.8582170709722935e-31
1.5926449973706653 3.865160971117295e-31
1.645987582671563 3.8697902378806287e-31
1.701106530993844 3.8775056824861857e-31
1.7615155281650456 3.8874255398361877e-31
1.81195536132167 3.894479660618411e-31
1.877809859040461 3.894479660618411e-31
1.9407151810111605 3.896022749539523e-31
2.0111948780517284 3.9099105498295255e-31
2.067185357645687 3.911067866520359e-31
2.142340236256214 3.905281283066191e-31
2.2141138084598064 3.905281283066191e-31
2.2882919686833967 3.905281283066191e-31
2.364951715882067 3.9060528275267468e-31
2.444164911207082 3.9099105498295255e-31
2.5260503390038203 3.9099105498295255e-31
2.610679126405597 3.9099105498295255e-31
2.69814318258508 3.9099105498295255e-31
2.788541694174735 3.90913900536897e-31
2.881986270720501 3.905281283066191e-31
2.9785397715093356 3.905281283066191e-31
3.078328047775521 3.905281283066191e-31
3.1814594723103347 3.905281283066191e-31
3.2880658499610447 3.9021951052239685e-31
3.3982649272027796 3.896022749539523e-31
3.512130872936422 3.893708116157856e-31
3.6298449236791215 3.8867642160128545e-31
3.751476087651243 3.8836780381706314e-31
3.8772062956270044 3.8775056824861857e-31
4.007150334326535 3.87133332680174e-31
4.1414556648662675 3.8643894266567387e-31
4.280262429169757 3.8574455265117374e-31
4.4237348194493515 3.8489585374456247e-31
4.57201633699933 3.8404715483795116e-31
4.8356           3.8398102245561784e-31
4.83561           4.097726515656229e-31
5.1615           4.105882842810675e-31
5.16151           4.258262873770427e-31
5.298749950886715 4.237045401105146e-31
5.5098            4.231644589881256e-31
5.50981            4.341203903280167e-31
5.81620392042295 4.335031547595721e-31
6.011232750691397 4.320372202845162e-31
6.212773222735898 4.308027491476271e-31
6.421070804936749 4.295682780107379e-31
6.636372027754696 4.281794979817376e-31
6.858861412626318 4.270221812909041e-31
7.088884630382823 4.253247834776816e-31
7.326588964049135 4.238588490026257e-31
7.572286795394194 4.222386056354588e-31
7.826212343248439 4.206955167143473e-31
8.088689446119686 4.1892096445506915e-31
8.359944386868674 4.173007210879022e-31
8.640321903678963 4.15526168828624e-31
8.930116223438349 4.136744621232904e-31
9.229630175024063 4.118227554179567e-31
9.539189752551243 4.099710487126229e-31
9.859146727307868 4.0804218756123365e-31
10.189896845291738 4.058047086256221e-31
10.531726960014279 4.036443841360661e-31
10.885007714320098 4.015612140925658e-31
11.25018988236302 3.9924658071089855e-31
11.6276060760612 3.97009101775287e-31
12.017701747782132 3.9469446839362e-31
12.420903476870535 3.9230268056589725e-31
12.837632886854308 3.8991089273817454e-31
13.268343840247436 3.8751910491045188e-31
13.713546719693799 3.8497300819061804e-31
14.173687831541564 3.824269114707842e-31
14.64933457540172 3.7964935141278366e-31
15.140852096925528 3.771804091390054e-31
15.64890823689118 3.7455715797311597e-31
16.17406106488555 3.7177959791511544e-31
16.716837198517347 3.690020378571149e-31
17.277828048296104 3.662244777991143e-31
17.857671757104665 3.633697632950582e-31
18.457086165842647 3.602064310067798e-31
19.076620646126873 3.570430987185014e-31
19.716891183012667 3.540340753223341e-31
20.378865952717252 3.5048497080377788e-31
21.06312928182524 3.467815573931105e-31
21.77040096918663 3.4300098953638753e-31
22.501252508866607 3.396061939099424e-31
23.25667439261028 3.3613424383744175e-31
24.03738525101472 3.328166026570522e-31
24.84441625900396 3.2926749813849593e-31
25.678813143929602 3.251783124975507e-31
26.54107331708518 3.213977446408277e-31
27.43253483756935 3.1715425010777133e-31
28.35419489639204 3.1244782889838152e-31


