0.013 0.114E+06 0.994E+03 0.116E+06 0.656E+03
0.015 0.124E+06 0.710E+03 0.128E+06 0.792E+03
0.017 0.138E+06 0.788E+03 0.136E+06 0.522E+03
0.019 0.146E+06 0.596E+03 0.150E+06 0.490E+03
0.021 0.155E+06 0.644E+03 0.158E+06 0.600E+03
0.024 0.159E+06 0.540E+03 0.162E+06 0.407E+03
0.027 0.164E+06 0.591E+03 0.170E+06 0.500E+03
0.030 0.181E+06 0.576E+03 0.196E+06 0.774E+03
0.033 0.174E+06 0.420E+03 0.177E+06 0.495E+03
0.038 0.179E+06 0.829E+03 0.182E+06 0.505E+03
0.042 0.178E+06 0.537E+03 0.183E+06 0.537E+03
0.047 0.176E+06 0.269E+03 0.181E+06 0.437E+03
0.053 0.153E+06 0.395E+03 0.155E+06 0.334E+03
0.060 0.131E+06 0.237E+03 0.132E+06 0.372E+03
0.067 0.123E+06 0.635E+03 0.123E+06 0.415E+03
0.075 0.114E+06 0.310E+03 0.112E+06 0.218E+03
0.084 0.107E+06 0.152E+03 0.101E+06 0.220E+03
0.094 0.963E+05 0.218E+03 0.921E+05 0.239E+03
0.106 0.842E+05 0.203E+03 0.822E+05 0.187E+03
0.119 0.727E+05 0.145E+03 0.725E+05 0.110E+03
0.133 0.635E+05 0.187E+03 0.640E+05 0.158E+03
0.150 0.552E+05 0.125E+03 0.556E+05 0.112E+03
0.168 0.477E+05 0.878E+02 0.476E+05 0.942E+02
0.188 0.412E+05 0.245E+03 0.408E+05 0.102E+03
0.211 0.344E+05 0.827E+02 0.341E+05 0.880E+02
0.237 0.284E+05 0.558E+02 0.286E+05 0.610E+02
0.266 0.236E+05 0.762E+02 0.235E+05 0.516E+02
0.299 0.196E+05 0.412E+02 0.193E+05 0.336E+02
0.335 0.158E+05 0.395E+02 0.157E+05 0.363E+02
0.376 0.128E+05 0.348E+02 0.126E+05 0.238E+02
0.422 0.103E+05 0.276E+02 0.102E+05 0.268E+02
0.473 0.820E+04 0.162E+02 0.815E+04 0.216E+02
0.531 0.649E+04 0.121E+02 0.648E+04 0.309E+02
0.596 0.515E+04 0.128E+02 0.502E+04 0.115E+02
0.668 0.398E+04 0.109E+02 0.394E+04 0.117E+02
0.750 0.313E+04 0.150E+02 0.303E+04 0.935E+01
0.841 0.241E+04 0.626E+01 0.233E+04 0.921E+02
0.944 0.182E+04 0.548E+01 0.179E+04 0.428E+01