0.013 0.696E+05 0.695E+03 0.637E+05 0.377E+03
0.015 0.746E+05 0.435E+03 0.697E+05 0.453E+03
0.017 0.797E+05 0.384E+03 0.795E+05 0.114E+04
0.019 0.874E+05 0.419E+03 0.842E+05 0.461E+03
0.021 0.942E+05 0.429E+03 0.894E+05 0.355E+03
0.024 0.101E+06 0.149E+04 0.950E+05 0.878E+03
0.027 0.103E+06 0.364E+03 0.993E+05 0.535E+03
0.030 0.109E+06 0.690E+03 0.103E+06 0.371E+03
0.033 0.108E+06 0.361E+03 0.104E+06 0.470E+03
0.038 0.107E+06 0.354E+03 0.101E+06 0.330E+03
0.042 0.101E+06 0.376E+03 0.961E+05 0.288E+03
0.047 0.885E+05 0.341E+03 0.835E+05 0.291E+03
0.053 0.696E+05 0.202E+03 0.659E+05 0.204E+03
0.060 0.644E+05 0.200E+03 0.600E+05 0.260E+03
0.067 0.593E+05 0.198E+03 0.564E+05 0.212E+03
0.075 0.543E+05 0.145E+03 0.514E+05 0.137E+03
0.084 0.497E+05 0.105E+03 0.463E+05 0.177E+03
0.094 0.451E+05 0.124E+03 0.430E+05 0.480E+03
0.106 0.406E+05 0.118E+03 0.372E+05 0.121E+03
0.119 0.358E+05 0.972E+02 0.329E+05 0.875E+02
0.133 0.317E+05 0.199E+03 0.288E+05 0.951E+02
0.150 0.273E+05 0.680E+02 0.249E+05 0.777E+02
0.168 0.239E+05 0.549E+02 0.213E+05 0.648E+02
0.188 0.204E+05 0.104E+03 0.183E+05 0.440E+02
0.211 0.170E+05 0.457E+02 0.154E+05 0.412E+02
0.237 0.145E+05 0.951E+02 0.129E+05 0.445E+02
0.266 0.120E+05 0.338E+02 0.106E+05 0.315E+02
0.299 0.996E+04 0.293E+02 0.880E+04 0.251E+02
0.335 0.811E+04 0.276E+02 0.713E+04 0.151E+02
0.376 0.662E+04 0.172E+02 0.575E+04 0.248E+02
0.422 0.527E+04 0.124E+02 0.460E+04 0.192E+02
0.473 0.423E+04 0.114E+02 0.368E+04 0.119E+02
0.531 0.337E+04 0.313E+02 0.288E+04 0.111E+02
0.596 0.266E+04 0.790E+01 0.228E+04 0.698E+01
0.668 0.209E+04 0.693E+01 0.187E+04 0.414E+02
0.750 0.162E+04 0.537E+01 0.137E+04 0.431E+01
0.841 0.124E+04 0.424E+01 0.106E+04 0.485E+01
0.944 0.950E+03 0.339E+01 0.800E+03 0.249E+01