# Energy (keVee)  Rate (events/tn-yr-keVee)
1.0198572988643029 0.0005935088289356863
1.093103874233763 0.0006522411078874679
1.169250604976308 0.0006999965722825715
1.250704143678015 0.0007499783610972457
1.3378328201604208 0.0008030758703139011
1.4310294106869126 0.0008609032993909481
1.53072404549292 0.0009197765098294496
1.637357893853549 0.0009860072519735311
1.7514233971344886 0.001055219911601785
1.8734328558890212 0.001130565678799955
2.003948136012984 0.0012078798570237176
2.143549232953408 0.0012941259878160377
2.2928796715607134 0.001384185996865578
2.4526086144160493 0.0014830208982279788
2.623461474362262 0.001590706449047281
2.8062215037578397 0.0017033264321301388
3.0017207897352076 0.0018198090795484999
3.21082975190108 0.0019497487345391284
3.4345058777444075 0.002088966458382604
3.6737685599819763 0.0022356012059156303
3.929699325824377 0.0023925289617915107
4.203459346785938 0.002560472242484197
4.49629068666098 0.0027402042814240165
4.809518925800638 0.002934207241556841
5.144564581789185 0.0031437181627428663
5.5029574233212175 0.003364391078413189
5.8863101054123455 0.003604618375273928
6.296376180252785 0.0038576441255391775
6.735000816148628 0.004133091122909669
7.204190393195516 0.004423212953687221
7.706056116855761 0.0047390432084163615
8.22777121785651 0.0050605338893355304
8.817118586496047 0.0054338338699453995
9.431357582644534 0.005815261180306707
10.088374518618782 0.0062304877224431615
10.791174756167692 0.00666783605349078
11.542920675218296 0.0071439389183801235
12.347043221910749 0.007649720661211928
13.207134308733455 0.008219081259578292
14.127147910318934 0.008825838905343534
15.121590691181193 0.00945130382429662
16.164006143401323 0.010119794284501493
17.29006141983448 0.010830152018604601
18.494527889814627 0.011610003426049672
19.782850794912708 0.012474123671800428
21.160957605894776 0.013379898418596645
22.635094007433658 0.014335262035506098
24.21195353183048 0.015341524017818523
25.89848562506601 0.016520610959397313
27.702635234556148 0.017710217687576787
29.632410507508354 0.019017639971251284
31.696634445740653 0.02041006405728833
33.9046118763761 0.02192916348575193
36.2664417192084 0.023534762049525586
38.7927261783245 0.02530069695689063
41.494989114121196 0.027199139092945225
44.38554458892908 0.02920706249480287
47.4773085528138 0.03145179815141037
50.78456270092781 0.033792722141744405
54.32213109904685 0.03634886262471018
58.106084266068514 0.039120414744002394
62.15354097669407 0.04215081981636784
66.48301192089454 0.04536476340514303
71.11397468736956 0.04887887771168114
76.06751333488319 0.052665207685897907
81.36599543665125 0.05680889316941578
87.03348878371376 0.06131317840875453
93.09580582758466 0.06613728408466789
99.58033117918617 0.07138120234908689
106.51653175569993 0.07704090240957574
113.93565469848392 0.08329017799695315
121.87161302246844 0.08999559313504181
130.3601712981056 0.09735060350941419
139.44014621260442 0.10518797672883484
147.33797095045324 0.11187222489153603

