 # x (R / R_Sun)  f(x)  (Taken from 1302.2791)
0. 0.
0.0002372062345763551 0.011686941967454345
0.004355791185849514 0.2865131694034204
0.006186273386415357 0.5647728961169705
0.0073536727490211284 0.8586651709266242
0.009713228492136905 1.482338027203891
0.012789084181313595 2.458293221029752
0.013573576552984676 2.752819432812501
0.014358068924655756 3.052019565747017
0.015142561296326837 3.351219698681536
0.01573093057508014 3.5756197983824194
0.017496038411340065 4.211428728270953
0.017888284597175605 4.491898586987661
0.018672776968846685 4.828490089136306
0.019457269340517766 5.165081591284949
0.020241761712188833 5.501673093433595
0.021026254083859913 5.83826459558224
0.021810746455530994 6.17953001888265
0.022595238827202074 6.525469363334826
0.023379731198873155 6.866734786635238
0.024164223570544235 7.203326288783883
0.024948715942215302 7.535243869780761
0.025733208313886383 7.857813608474105
0.026517700685557463 8.175709426015688
0.027302193057228544 8.493605243557267
0.028086685428899624 8.811501061098847
0.02887117780057069 9.106027272881597
0.02965567017224177 9.381857800057285
0.030440162543912852 9.667036169536502
0.031224654915583933 9.933518854408653
0.03200914728725501 10.195327618129042
0.03295053813326031 10.468367628457967
0.03377425512351494 10.723636361526957
0.034558747495186004 10.943379834881448
0.035382464485440634 11.171539825270195
0.03632385533144593 11.44831897252053
0.03750059388895255 11.710162325851663
0.03867733244645917 11.928382415099644
0.040050194096883554 12.163757510042807
0.04181530193314348 12.391065731266984
0.04397265595523894 12.573850493788402
0.04632613307025217 12.648840769881122
0.04867961018526541 12.608540990896948
0.05103308730027864 12.456067104270385
0.053190441322374105 12.223807668514977
0.05495554915863403 11.97811506918043
0.05652453390197619 11.721187764276273
0.057897395552400574 11.468917085718509
0.059074134109907195 11.225976954658904
0.060250872667413816 10.989268718468322
0.06142761122492042 10.727632902801654
0.062114042050132615 10.506461166770196
0.06329078060763924 10.258847114558824
0.06440868223727053 9.9700973677703
0.06554619617619359 9.677921808284355
0.0667229347337002 9.378894623403557
0.06789967329120682 9.076751491088249
0.06903718723012987 8.788938258010619
0.06986090422038452 8.558119191295937
0.07064539659205558 8.34786191868795
0.07146911358231023 8.119847204664328
0.07256740290264972 7.854465334154099
0.07339111989290435 7.623646267439417
0.07421483688315901 7.402175043028269
0.07531312620349849 7.13679317251804
0.0761760678123367 6.8863470959270145
0.07731358175125976 6.6128672210481305
0.07849032030876636 6.313840036167333
0.07976512041273186 6.035075157013544
0.08088302204236315 5.746325410225019
0.0821185975277451 5.474412156466078
0.08347184686887772 5.184935336059718
0.08437401309629945 4.941784035426524
0.08574687474672384 4.684839435716995
0.08692361330423044 4.429435514919351
0.08810035186173708 4.198959173597785
0.08968547641073081 3.9276618585900103
0.09163056753425693 3.5449215188472323
0.09300342918468131 3.2973247614412315
0.09457241392802347 3.045071377688842
0.09614139867136563 2.8068397573917494
0.0980372552362374 2.577465479501388
0.09967161434388548 2.311715421801239
0.10199707387419617 2.066205776800661
0.10320183001640533 1.8913738246389897
0.1053591840385008 1.6915202422024898
0.10751653806059626 1.4773333015672456
0.10987001517560947 1.2687723611194919
0.11364477335800187 0.997675905939861
0.11693044652064917 0.7801912268947007
0.12109158186864015 0.5662338255616071
0.12562442183163736 0.44317675677527646
0.13048103607770584 0.32014823951302773
0.13436632747456062 0.28962666027112505
0.13909235602035713 0.471797175424463
0.14085746385661707 0.6888227701147542
0.14223032550704146 0.9195239439061496
0.14360318715746584 1.1564570125665696
0.14442690414772047 1.388356139876727
0.14536829499372578 1.6613961502056505
0.14615278736539683 1.9045092293189754
0.14693727973706788 2.1709919141911307
0.147721772108739 2.460844204822113
0.14850626448041004 2.736674731997798
0.14929075685208115 3.0452227072358475
0.1500752492237522 3.363118524777427
0.1508597415954233 3.6623186577119426
0.15164423396709437 3.9615187906464584
0.15242872633876547 4.260718923580978
0.15321321871043653 4.55991905651549
0.15399771108210764 4.840423504842944
0.1547822034537787 5.102232268563331
0.15556669582544974 5.364041032283717
0.15654731129003863 5.625867090809477
0.15831241912629856 6.112110543841496
0.15968528077672295 6.373971191977999
0.1616465117059006 6.598492355316489
0.16399998882091388 6.673482631409209
0.1663534659359271 6.549052271693245
0.1683146968651048 6.327992951896704
0.1698836816084469 6.0850874104478425
0.17243328181637796 5.589876600830475
0.17361002037388457 5.340704574901849
0.17547318975660336 4.9030782610041275
0.1779247284180755 4.381373250790734
0.1785784720611347 4.200705948940353
0.17968983625433543 3.9593180266628814
0.18106269790475982 3.683677742346287
0.18223943646226642 3.4469695061557033
0.18341617501977303 3.2040293750960984
0.18459291357727964 2.986016823512582
0.18576965213478625 2.768004271929062
0.18714251378521063 2.525081435674828
0.1887114985285528 2.268154130770675
0.19028048327189495 2.0345964316253458
0.1920455911081549 1.7963821061336205
0.1940068220373326 1.5609894281383312
0.19596805296651026 1.3442924347501055
0.19812540698860576 1.1394533364183914
0.20047888410361897 0.9464721331431925
0.20283236121863224 0.7877663516476083
0.20518583833364545 0.6477562547590878
0.20753931544865867 0.5295577899121504
0.20989279256367194 0.43005500967226595
0.21224626967868515 0.35236386147396104
0.21459974679369836 0.2840205555791897
0.21695322390871163 0.22814103942246078
0.2214616096207216 0.14298603259441833
0.22631822386679007 0.08168591039389383
0.254 0.
