 # x (R / R_Sun)  f(x)  (Taken from 1302.2791)
0. 0.
0.0003352677810352367 0.012972327819731788
0.0029139685476410743 0.12371375384017824
0.004453852732308396 0.3309240677478833
0.0056305912898150165 0.5670608547443017
0.006856360620551075 0.8522781375356061
0.00757781342664144 1.0857039637899746
0.008474376137122673 1.3198129348565324
0.00911177618910542 1.5862826486246568
0.009869029242315697 1.8737955766234542
0.010435607066300367 2.25043004362254
0.0113508481665833 2.6009806498720955
0.011939217445336603 2.970791629850151
0.01246221235978398 3.2512730184371073
0.013115956002843224 3.5753892009774617
0.013638950917290601 3.865218431867948
0.014423443288961668 4.1457228801954
0.014750315110491297 4.394404310144974
0.015142561296326837 4.615047978119078
0.015534807482162377 4.839430783014594
0.015927053667997917 5.060074450988694
0.016319299853833444 5.288196392805624
0.016711546039668984 5.520057471543964
0.017807585568917664 6.020088852342937
0.01845513413506014 6.421380523292333
0.01926114624759999 6.744849645776508
0.01965339243343553 6.997275977582619
0.02004563861927107 7.221658782478135
0.02052193755921422 7.512819301601182
0.021026254083859913 7.735876583199262
0.022016651248843666 8.335274836970799
0.02331174838112858 8.921808796153538
0.02392887585904291 9.431831140179497
0.024612504925784845 9.812749228496417
0.025340962128050842 10.126188751187161
0.02687326549491212 11.051752492548053
0.028168362627197047 11.638286451730796
0.02913968547641073 12.101335069265998
0.029787234042553193 12.471762542684528
0.030832408729748392 12.868706748107002
0.031224654915583933 13.1180171324786
0.032205270380172776 13.46708971917066
0.03349968279343006 14.072944046154998
0.03436262440226824 14.416085955838263
0.03514711677393932 14.682568640710418
0.0359316091456104 14.94905132558257
0.036872999991615696 15.21741741475973
0.037735941600453876 15.479233096402265
0.03877539399291806 15.753216538364228
0.03985407100396579 16.010377323140908
0.041226932654390175 16.258216207822112
0.04318816358356786 16.521686714091985
0.045541640698581104 16.674575676047475
0.04789511781359433 16.671667266277428
0.05024859492860757 16.512961484781844
0.05245143385753932 16.270057445666453
0.0543940795559667 15.899858384440563
0.05613228771614065 15.567790282569
0.05711290318072949 15.310811093248727
0.057897395552400574 15.070952320012891
0.05881263665268349 14.846684813819856
0.0593356315671309 14.653542192361183
0.06005474957449604 14.394981969583156
0.06103536503908488 14.117749121938564
0.06201598050367374 13.862327906335544
0.0641073080481036 13.215529744977788
0.06637372802960222 12.505853062436474
0.06961147086031452 11.48762005915876
0.07252543940795561 10.469358504356963
0.07576318223866792 9.296804513424927
0.07835337650323777 8.463699592284238
0.0819148936170213 7.414630942999738
0.08509313110366461 6.354929611263497
0.08770810567590152 5.675883667945119
0.08868872114049038 5.449752358226501
0.09045382897675032 4.971921675020907
0.09163056753425693 4.704053964485217
0.09261118299884576 4.428379090557879
0.09398404464927017 4.162086648544818
0.09516078320677678 3.9066827277471674
0.09633752176428338 3.6762063864256085
0.09751426032179002 3.4519619399730708
0.09869099887929662 3.246413178127593
0.10006386052972101 3.003490341873359
0.10163284527306317 2.746563036969203
0.10320183001640533 2.5083314166721102
0.10477081475974746 2.2934694021338444
0.10640517386739555 2.081729099965216
0.10810490733934956 1.8749800786269297
0.11026226136144503 1.6396046954370114
0.11261573847645824 1.4154640178167028
0.11496921559147148 1.2131349722379703
0.11732269270648472 1.0388494535698314
0.11967616982149797 0.8832596195087632
0.12335800185013877 0.6898904763536287
0.12752109353820873 0.4793975698096631
0.12987457065322194 0.4043030444734512
0.1322280477682352 0.32661189627514986
0.13458152488324843 0.28631211729097217
0.14046521767078152 0.18400469611327352
0.14281869478579473 0.14058896969459056
0.145172171900808 0.12210082275198886
0.15301709561751875 0.044893929104095065
0.15537057273253202 0.017057939857966886
0.17184491253762463 0.0001849810978562516
