 # x (R / R_Sun)  f(x)  (Taken from 1302.2791)
0. 0.
0.0012831960634711245 0.00899380196729993
0.0042090656799259885 0.339877342652553
0.006475485661424606 0.8030401662840774
0.008094357076780759 1.3896026769908971
0.009065679925994448 1.7909228994643733
0.010360777058279376 2.346592661116251
0.011655874190564297 2.8713982252372645
0.012396837995478055 3.2107599368533464
0.013115956002843224 3.5753892009774617
0.013638950917290601 3.865218431867948
0.014423443288961668 4.1457228801954
0.014750315110491297 4.394404310144974
0.015142561296326837 4.615047978119078
0.015534807482162377 4.839430783014594
0.015927053667997917 5.060074450988694
0.016836262719703968 5.680497024931192
0.017807585568917664 6.205274037528124
0.01845513413506014 6.637429906008384
0.019426456984273824 7.347392103790503
0.020397779833487506 8.057354301572618
0.021418500269695454 8.63018808651458
0.022340425531914898 9.292093511951668
0.02331174838112858 9.940327314672055
0.024556469756379762 10.543656528190107
0.024948715942215302 10.780503122823667
0.025340962128050842 11.017349717457224
0.025733208313886383 11.241732522352738
0.0265494912118409 11.669007891641257
0.02719703977798335 12.193756352714109
0.028168362627197047 12.595076575187584
0.02913968547641073 13.119853587784517
0.030440162543912852 13.754847608871103
0.031224654915583933 14.172765339060476
0.03200914728725501 14.509356841209122
0.03279363965892608 14.850622264509532
0.03357813203059716 15.168518082051113
0.03436262440226824 15.449022530378564
0.03514711677393932 15.729526978706016
0.0359316091456104 15.972640057819339
0.03671610151728147 16.206405294629132
0.037696716981870326 16.46823135315489
0.03867733244645917 16.758100938591248
0.03985407100396579 16.99501671244629
0.041226932654390175 17.20234828047886
0.04318816358356786 17.391036048320476
0.045541640698581104 17.462910376978684
0.04789511781359433 17.34471191213174
0.04985634874277203 17.123652592335198
0.05122921039319642 16.902541388122543
0.052405948950703024 16.684528836539023
0.053582687508209645 16.4353568106104
0.053974933694045185 16.212601158653626
0.054759426065716266 16.0019699723535
0.055824094284412734 15.736691969502962
0.05652453390197619 15.497716054903254
0.05721096472718838 15.30147189834788
0.05844654021257033 15.036102134201412
0.05927025720282496 14.759478640199422
0.059858626481578275 14.54764609906881
0.060800017327583555 14.303438835268956
0.0616237343178382 14.03055447818838
0.062408226689509266 13.7782319152145
0.06307504520542968 13.525898975357396
0.06354574062843232 13.301592267605518
0.06436945761868697 13.03680937385467
0.06495782689744027 12.717476646233438
0.06606919109064097 12.416885722700263
0.06691905782661797 12.16519211414841
0.06750742710537128 11.949620436096382
0.06864014801110084 11.394941811993926
0.07071077095636152 10.65055283772649
0.07220166512488438 9.975502792339055
0.07460708306899454 9.18203880723153
0.07515622772916429 8.885760631664603
0.07594072010083537 8.596046699476595
0.07672521247250645 8.311006688440353
0.07750970484417753 8.035314519707642
0.07829419721584861 7.768970193278465
0.07907868958751967 7.493278024545756
0.07986318195919075 7.231607619268344
0.08064767433086183 6.983958977446228
0.08143216670253291 6.726962493320583
0.08253045602287241 6.505515481636953
0.0833149483945435 6.2737581717308455
0.08417789000338168 5.999630894637539
0.08504083161221986 5.7653877447059685
0.08587762347533569 5.5136929831670916
0.08677150786308975 5.223701191169585
0.08800229031527819 4.848625566290583
0.08868872114049038 4.657055330886976
0.08947321351216146 4.451471979430757
0.09084607516258585 4.199201300872993
0.09319955227759909 3.6759296695396593
0.09594527557844786 3.1339969432100006
0.09810360777058282 2.755564692043258
0.10037002775208141 2.416258379872314
0.10263644773358004 2.0460878701705063
0.10522664199814989 1.7376743070545118
0.10751653806059626 1.4773333015672456
0.10987001517560947 1.2687723611194919
0.11222349229062271 1.0820230527133141
0.11623496762257172 0.8127191329473149
0.12012025901942645 0.6278765660510963
0.12418700095860664 0.4468015697139158
0.12634435498070212 0.3846728638827912
0.12869783209571534 0.33533683733853437
0.1310513092107286 0.25047901004085915
0.13340478632574182 0.1958458728579302
0.13575826344075503 0.1711258310463073
0.13807251593718473 0.1486458124264587
0.14116558741905644 0.13590525462248948
0.14472710453284 0.10535512385651202
0.14828862164662354 0.07480499309052746
0.18 0.
