 # x (R / R_Sun)  f(x)  (Taken from 1302.2791)
0. 0.
0.0012583463242648307 0.06335554209569949
0.005288007554296509 0.2834645669291369
0.007932011331444756 0.661417322834648
0.009727763157159536 0.9638913479010398
0.011492224997345937 1.314203513022413
0.01306063552195607 1.687869822485208
0.014432994730989933 2.028840329870011
0.015609302624447527 2.3464566929133888
0.016785610517905128 2.682756371429903
0.01796191841136273 3.0252838217708025
0.01913822630482033 3.3989501312335975
0.02031453419827793 3.772616440696396
0.021588867749523663 4.154067464939665
0.022667149985193133 4.557315690568267
0.02384345787865072 4.924754228206684
0.02509818629833882 5.346997157899644
0.026294099323354053 5.793528397707684
0.027607643137715035 6.228849648231842
0.028744740768057386 6.662302567208686
0.029881838398399738 7.043442202860739
0.030901305239396326 7.42831850160742
0.03207761313285391 7.839351442016495
0.033253921026311514 8.28152324154747
0.034430228919769115 8.667645094659028
0.035606536813226716 9.059994719594965
0.03678284470668432 9.433661029057761
0.03795915260014192 9.782416251223037
0.039135460493599505 10.156082560685833
0.040311768387057106 10.47992669555359
0.04168412759609097 10.847365233192006
0.04325253812070111 11.244385686996228
0.044820948645311234 11.599368680985885
0.046389359169921374 11.921655872897546
0.048153821010107775 12.252350556772122
0.0503103854814467 12.572458028545249
0.053251155215090704 12.910833631003227
0.05678007889546349 13.135033416680905
0.060309002575836296 13.174475971568643
0.06373990059842095 13.053330981556302
0.06676109537299338 12.818897637795276
0.06893526046119201 12.571568346856052
0.07148392756368348 12.239272235940923
0.07364049203502242 11.912314215160976
0.07560100519078508 11.583487862833715
0.07756151834654774 11.221031542654803
0.07932598018673413 10.894073521874857
0.08089439071134429 10.571786329963194
0.08246280123595441 10.258840795788101
0.08403121176056454 9.931882775008155
0.0854035709695984 9.632949727437918
0.08991275122785254 8.666088151702933
0.09148116175246267 8.318111401015702
0.09332404411887955 7.966798343993984
0.09501008543283547 7.573114196524253
0.09677454727302186 7.2041187159297415
0.09853900911320825 6.839794064203515
0.10030347095339466 6.4941527279504285
0.10226398410915731 6.1018031030144915
0.10422449726491999 5.728136793551695
0.10618501042068267 5.376890462656668
0.10814552357644532 5.029380794856266
0.11010603673220799 4.696817779434376
0.1122626012035469 4.351799220363731
0.11461521699046211 3.99370234046188
0.11696783277737731 3.6574026619453655
0.11951649987986877 3.32065814258425
0.1222612182979365 2.9816894190001406
0.1252019880315805 2.6500605693519113
0.12853486039637702 2.309090061967108
0.13206378407674985 1.9893977749822724
0.13559270775712262 1.7112239668266334
0.1391216314374954 1.4662649417343552
0.14265055511786823 1.2503688518225182
0.146179478798241 1.063535697091119
0.14970840247861383 0.9016136296572412
0.1532373261589866 0.7646026495208815
0.15676624983935938 0.6400472130332844
0.16029517351973221 0.5424787877846633
0.163824097200105 0.4552899822433467
0.16735302088047782 0.3826326442922472
0.1708819445608506 0.3066538280348112
0.17441086824122337 0.26845682751194744
0.1779397919215962 0.22071057685836593
0.18146871560196898 0.1833439459120889
0.1849976392823418 0.15428101073165124
0.18852656296271458 0.12729399949266806
0.19205548664308736 0.08369959672200977
0.1955844103234602 0.0670922051903311
0.20205410373747695 0.04840888971719082
0.24 0.
