# x (R / R_Sun)  f(x)  (Taken from 1302.2791)
0. 0.
0.0011727966592860947 0.10785580258627192
0.003966005665722382 0.440944881889763
0.005949008498583569 0.9133858267716519
0.0076104089489358595 1.4085542561617679
0.008708296316162954 1.8121138703815909
0.009335660526007004 2.140940222708849
0.010119865788312074 2.472569072357082
0.010904071050617137 2.846235381819877
0.011688276312922206 3.2525974933606676
0.01247248157522727 3.6636304337697467
0.013256686837532332 4.102688347388529
0.014040892099837401 4.574442063085311
0.014825097362142464 5.032183292177237
0.015609302624447527 5.513278665610587
0.016393507886752604 6.013057354517077
0.017177713149057666 6.503494385686999
0.01796191841136273 7.017285561198342
0.01874612367366779 7.512393421236549
0.019530328935972868 8.035526254484463
0.02031453419827793 8.558659087732378
0.021098739460582994 9.081791920980294
0.021882944722888056 9.604924754228207
0.022667149985193133 10.109374272002983
0.023451355247498196 10.623165447514328
0.02423556050980326 11.132285794157388
0.02501976577210832 11.622722825327308
0.025803971034413384 12.108489027628945
0.02658817629671846 12.580242743325725
0.027372381559023523 13.05666728789079
0.028156586821328586 13.50973768811443
0.02894079208363365 13.939453943996647
0.029724997345938725 14.350486884405722
0.030509202608243788 14.756848995946514
0.03129340787054885 15.135186134277596
0.03223445418531494 15.551824069328614
0.03305786971073525 15.929227041886037
0.033881285236155564 16.280473372781067
0.035018382866497916 16.71392629175791
0.035998639444379255 17.093820373045087
0.03717494733783684 17.4301200515616
0.03854730654687072 17.769533615990312
0.04050781970263338 18.121402724067778
0.04344858943627737 18.364285825218595
0.046977513116650174 18.237654464789536
0.0497222315347179 17.85360853561944
0.0514866933749043 17.48928388389321
0.052859052583938165 17.137414775815746
0.054035360477395766 16.80111509729923
0.05521166837085337 16.433676559660814
0.05628995060652282 16.03198527698831
0.057466258499980424 15.620952336579231
0.05819164836761262 15.279047663420773
0.05932874599795496 14.86427805991707
0.060465843628297294 14.449508456413364
0.061328469416832884 14.064632157666683
0.06242635678405996 13.642389227973723
0.06324977230948028 13.250973768811445
0.06595528046443276 12.14398732702791
0.06677869598985309 11.767518520244142
0.06756290125215815 11.431218841727626
0.06834710651446321 11.09491916321111
0.06913131177676829 10.758619484694592
0.06971946572349709 10.46747115190483
0.07066051203826315 10.114979266644925
0.07148392756368348 9.754391278013326
0.07230734308910382 9.39380328938173
0.07462074861290374 8.56115019646213
0.07579705650636134 8.026184596747893
0.07912992887115787 6.8117690909938045
0.08030623676461547 6.463013868828529
0.08148254465807307 6.070664243892592
0.08265885255153067 5.684542390781035
0.08383516044498827 5.335787168615759
0.08501146833844588 4.999487490099241
0.08618777623190348 4.663187811582727
0.08756013544093734 4.298863159856499
0.08912854596554746 3.9065135349205633
0.09069695649015759 3.551530540930905
0.092461418330344 3.16852257373154
0.09442193148610666 2.798592927363373
0.09638244464186933 2.454819922657599
0.09853900911320825 2.116029135411331
0.10108767621569971 1.7699429583136457
0.10402844594934373 1.4333096491636788
0.10736131831414024 1.1216615674519979
0.11089024199451304 0.8517914550622017
0.11441916567488584 0.644199060916204
0.11794808935525865 0.4843529174237844
0.12147701303563145 0.3639493288191069
0.12500593671600424 0.26845682751194744
0.12853486039637702 0.18057604732347698
0.13186968838526908 0.1259842519685037
0.136166194523135 0.09448818897637778
0.1391216314374954 0.07124405307324722
0.17 0.

