 # x (R / R_Sun)  f(x)  (Taken from 1302.2791)
0.0020023140708362794 -0.015162282549951556
0.010037002775208144 0.031749294777355885
0.01612317676091568 0.16680789463844903
0.019426456984273824 0.2794908692225988
0. 0.
0.023183608105955378 0.4229381972617112
0.02553708522096862 0.5197401053960071
0.027890562335981847 0.638353645571879
0.030244039450995075 0.7569671857477509
0.03259751656600832 0.8942764105306864
0.034950993681021544 1.037817530182643
0.037304470796034786 1.1907064921381263
0.039657947911048014 1.3529432963971502
0.042011425026061255 1.5245279429597005
0.04436490214107448 1.7054604318257844
0.04671837925608771 1.895740762995402
0.04907185637110095 2.0922529890340407
0.05142533348611418 2.2887652150726794
0.05377881060112742 2.500857178283873
0.05613228771614065 2.7129491414950593
0.05848576483115388 2.9250411047062563
0.06083924194616712 3.1495968576554887
0.06319271906118035 3.371036663170212
0.06554619617619359 3.5800126789468933
0.06789967329120682 3.8045684318961257
0.07025315040622006 4.029124184845362
0.07260662752123329 4.238100200622043
0.07496010463624651 4.459540006136766
0.07731358175125976 4.659168179609916
0.079667058866273 4.865028247952084
0.08202053598128621 5.055308579121702
0.08482886216466236 5.285258277086832
0.08813957648032063 5.503173590747664
0.09064995206966807 5.707302564370805
0.09300342918468131 5.860191526326295
0.09535690629969455 6.000616698543739
0.09771038341470777 6.134809975892162
0.10006386052972101 6.256539463502545
0.10241733764473425 6.362689213940371
0.10477081475974746 6.462607069509177
0.1071242918747607 6.546945187905429
0.10947776898977395 6.61881951656364
0.11183124610478719 6.678230055483807
0.1141847232198004 6.72829275210044
0.11653820033481364 6.765891658979031
0.11889167744982689 6.787910828685073
0.1212451545648401 6.800582156087577
0.12359863167985334 6.800789693752039
0.12595210879486657 6.797881283981994
0.13065906302489305 6.754673095227769
0.13301254013990627 6.711257368809081
0.13536601725491954 6.661609747521375
0.13771949436993275 6.602614283930135
0.14007297148494596 6.537386925469875
0.14242644859995923 6.465927672140589
0.14477992571497245 6.382004629073263
0.14713340282998566 6.294965638571428
0.14948687994499893 6.198578805766058
0.15184035706001214 6.099076025526179
0.15419383417502536 5.990225402982766
0.1566873992135513 5.876045509698315
0.160469773148394 5.6916478830416395
0.16282325026340722 5.5672175233256755
0.16517672737842048 5.44278716360971
0.1698836816084469 5.187694549308757
0.17223715872346018 5.063264189592793
0.1758094357076781 4.861182489921312
0.17929759006849988 4.65881363609979
0.1816510671835131 4.5312673289493155
0.18400454429852636 4.394373179495307
0.18635802141353958 4.26371092491032
0.1887114985285528 4.129932722890825
0.19106497564356606 3.9992704683058378
0.19341845275857927 3.8686082137208473
0.1957719298735925 3.7410619065703727
0.19812540698860576 3.610399651985386
0.20047888410361897 3.492201187138445
0.20283236121863224 3.3646548799879668
0.20518583833364545 3.2433404677065134
0.20753931544865867 3.125142002859569
0.20989279256367194 3.0131754328816456
0.21224626967868515 2.894976968034701
0.21459974679369836 2.7861263454912937
0.21695322390871163 2.680391670382388
0.21930670102372485 2.5746569952734895
0.22166017813873806 2.4751542150336086
0.22401365525375133 2.375651434793731
0.22636713236876455 2.2792646019883627
0.22872060948377781 2.1891096640520153
0.23107408659879103 2.0989547261156645
0.23342756371380424 2.0087997881793207
0.2357810408288175 1.9279926925465034
0.23813451794383073 1.8471855969136897
0.24048799505884394 1.7694944487153847
0.2428414721738572 1.6949192479515887
0.24519494928887042 1.6265759420568173
0.24754842640388364 1.5520007412930248
0.2499019035188969 1.489889330267271
0.2522553806339101 1.4246619718070122
0.25460885774892333 1.3625505607812585
0.2569623348639366 1.2973232023209995
0.2593158119789498 1.232095843860737
0.26166928909396303 1.1731003802694957
0.2640227662089763 1.104757074374728
0.2663762433239895 1.0395297159144654
0.2687297204390028 0.9680704625851781
0.271083197554016 0.8934952618213856
0.2734366746690292 0.8220360084921019
0.2757901517840425 0.7505767551628217
0.2781436288990557 0.6760015543990292
0.2804971060140689 0.6014263536352331
0.2828505831290822 0.5361989951749742
0.2852040602440954 0.46785568928019927
0.2875575373591086 0.4119761731234668
0.2899110144741219 0.35609665696673787
0.2930489839608062 0.2878225302934503
0.2954024610758194 0.24440680387476732
0.2977559381908326 0.207222972325102
0.3001094153058459 0.16770218019955152
0.3040240518038853 0.11940247370404578
0.30952821461609625 0.08902365208254537
0.3189372322259517 0.02524991266914256
0.348 0.
