 # x (R / R_Sun)  f(x)  (Taken from 1302.2791)
0. 0.
0.0011015052718038112 0.03180149818550859
0.008262511803588286 0.251968503937011
0.014542020774315392 0.692913385826774
0.018177525967894237 1.0393700787401592
0.02082152974504249 1.3543307086614185
0.024787535410764866 1.8897637795275593
0.029084041548630785 2.519685039370078
0.032665767079582714 3.078219882278031
0.034822331550921654 3.4300889903554967
0.03678284470668432 3.7626520057773867
0.03874335786244698 4.091478358104645
0.040703871018209645 4.431514699715791
0.04266438417397231 4.764077715137681
0.044820948645311234 5.13027069841122
0.046977513116650174 5.4927270185901325
0.04893802627241284 5.817816707822766
0.0508985394281755 6.131696407771516
0.05305510389951443 6.472355526565099
0.05540771968642963 6.821110748730375
0.05776033547334483 7.157410427246893
0.060309002575836296 7.497713673364794
0.06305372099390402 7.828675261746129
0.06599449072754802 8.15463239062573
0.06932736309234455 8.46835639627887
0.07297391756206312 8.720082933420306
0.07638521045309014 8.939175946201992
0.07991413413346295 9.097361350541243
0.08344305781383575 9.176246460316722
0.08697198149420853 9.17334016679868
0.09050090517458133 9.149951423724898
0.09402982885495413 9.059994719594965
0.09755875253532693 8.912604119751306
0.10108767621569971 8.723695041078447
0.10461659989607251 8.487039711752008
0.10814552357644532 8.213017751479292
0.11167444725681812 7.9007987906837105
0.11666666666666663 7.464566929133859
0.11997167138810196 7.118110236220472
0.12539803934715676 6.593105102493354
0.13186968838526908 5.889763779527561
0.13735716959730904 5.317103853142619
0.1404939906465293 4.992481246796814
0.1438268630113258 4.663187811582727
0.14735578669169863 4.326888133066209
0.1508847103720714 3.990588454549691
0.15441363405244418 3.668820243623397
0.157942557732817 3.36988719605316
0.1614714814131898 3.0834096921316814
0.16500040509356262 2.8135395797418816
0.1685293287739354 2.558200934942306
0.17205825245430817 2.3277733774402485
0.175587176134681 2.1056495157040303
0.17911609981505378 1.8980571215580326
0.1826450234954266 1.715375814709553
0.18617394717579938 1.5430741275683744
0.18970287085617216 1.3811520601344967
0.193231794536545 1.2358373842323012
0.19676071821691776 1.1050541759203227
0.2002896418972906 0.9888024351985578
0.20381856557766337 0.8767025423597197
0.20734748925803614 0.7812100410525602
0.21087641293840892 0.6877934636868623
0.21440533661878175 0.6109842778528431
0.21793426029915453 0.5424787877846633
0.22146318397952736 0.47812514559940666
0.22499210765990013 0.4220751991799858
0.2285210313402729 0.34734193728742824
0.23204995502064574 0.32658269787282634
0.2355788787010185 0.28506421904362966
0.23910780238139134 0.23524204444858654
0.24263672606176412 0.22071057685836593
0.2461656497421369 0.19164764167792825
0.24969457342250972 0.17919209802916924
0.2532234971028825 0.14597731496580835
0.25911237016052874 0.1259842519685037
0.26506137865911233 0.09448818897637778
0.315 0.
