 # x (R / R_Sun)  f(x)  (Taken from 1302.2791)
0. 0.
0.0011015052718038112 0.03595334606842826
0.004630428952176607 0.0670922051903311
0.01024551463644948 0.2204724409448815
0.015217199993295003 0.47604922165794505
0.01874612367366779 0.7147804749258455
0.022275047354040595 0.9991820549058623
0.02560791971883712 1.3001910264175578
0.028744740768057386 1.620142803895078
0.03109735655497259 1.8747029772166073
0.03521443418207418 2.3491257379809802
0.03795915260014192 2.6800873263623153
0.040703871018209645 3.0270631851491956
0.04344858943627737 3.3873842692740332
0.045997256538768835 3.716566494276975
0.04834987232568404 4.027955085495972
0.0508985394281755 4.361585718944898
0.05364325784624323 4.719237758002144
0.05638797626431097 5.074220751991803
0.059132694682378695 5.415858520643502
0.06187741310044642 5.7494891540924264
0.06481818283409042 6.085455201975494
0.06795500388331069 6.426425709360297
0.07128787624810722 6.755719144574385
0.07481679992848002 7.071259583676303
0.07830651334573756 7.317339607696971
0.0818746472892256 7.591278531012026
0.0854035709695984 7.7884913054507265
0.0889324946499712 7.922388399674894
0.092461418330344 8.003764618180124
0.09599034201071678 8.061475303752713
0.09951926569108958 8.070609369095136
0.10304818937146239 8.055247531928332
0.10657711305183519 7.9929698136845335
0.11038715769593953 7.874015748031498
0.11363496041258077 7.748010788592255
0.11964117091595843 7.464566929133859
0.12422173145369918 7.172979856807842
0.12775065513407197 6.942552299305785
0.13127957881444474 6.691365502389125
0.13480850249481757 6.425647237882249
0.13833742617519035 6.149549353668071
0.14186634985556318 5.867223697629514
0.14539527353593595 5.584898041590957
0.14892419721630873 5.296344613728021
0.15245312089668156 5.005715261923623
0.15598204457705434 4.710726469842157
0.16107937878203726 4.320660361241828
0.16460830246241004 4.0507902488520315
0.16813722614278287 3.785071984345155
0.17166614982315564 3.514163909984628
0.17519507350352848 3.2743946947459968
0.17872399718390125 3.052270833009782
0.18225292086427403 2.830146971273564
0.18578184454464686 2.6184027292446466
0.18931076822501963 2.411848297069376
0.19283969190539246 2.2095841077064584
0.19636861558576524 2.0402579115480393
0.199897539266138 1.8714852951073446
0.20342646294651084 1.7122619287973642
0.20695538662688362 1.570061138807354
0.2104843103072564 1.4392779304953756
0.21401323398762923 1.3126465700663204
0.217542157668002 1.1932809434323701
0.22107108134837478 1.0801430886227976
0.2246000050287476 0.9846505873156417
0.22812892870912038 0.89538585783286
0.2316578523894932 0.8144248241159211
0.235186776069866 0.7355397143404439
0.23871569975023876 0.6691101482137221
0.2422446234306116 0.6026805820870074
0.24577354711098437 0.5507824835505062
0.2493024707913572 0.4874668033359768
0.25283139447173 0.4407585146531261
0.25636031815210275 0.39924003582392587
0.2598892418324756 0.35979748093618724
0.26341816551284836 0.32658269787282634
0.2669470891932212 0.29336791480946545
0.27047601287359396 0.25081147400953796
0.27400493655396674 0.23316612050712848
0.27753386023433957 0.2061791092681453
0.28106278391471234 0.17711617408770763
0.2845917075950851 0.16466063043894863
0.28812063127545795 0.14390139102434674
0.2916495549558307 0.12521807555121
0.29517847863620356 0.10653476007806972
0.3092941733576947 0.06916812913178916
0.3198809443988131 0.04218111789280954
0.32203750887015203 0.029725574244050534
0.356 0.
