# E_R (keV)  Rate (/t y kev)
0.5277920065444426 10.041203570048014
0.5528566784247102 10.04321992473534
0.5791089722989822 10.073303189200857
0.6066106703042753 10.07532598975068
0.6354154622251631 10.105505424095174
0.6655777341214039 10.230481583131466
0.6971631268773314 10.43435001364834
0.7302485546697148 10.632387913228218
0.7649136040012761 10.753873931168899
0.8012391039393477 10.756033395814423
0.8392896901340219 10.758193294097858
0.8791350300376513 10.85079951197788
0.9208763097727235 10.913709852782542
0.9645964746442901 10.997421969869217
1.0103923285048249 11.081776189287858
1.0583624182100313 11.166777436196531
1.108611686565117 11.241970345495984
1.1612467057053564 11.317669575767747
1.216397705067351 11.298905863028994
1.274158117969312 11.332750384586388
1.3346674753572223 11.335026092294019
1.3980504025790974 11.33730225698212
1.4644433645380062 11.33957887874245
1.5339798020646878 11.384127986113596
1.6068329853454917 11.365254091105221
1.6831357502494781 11.388700494654852
1.7630618611919715 11.412195267896442
1.8467890993983909 11.414486928777588
1.9344925170979876 11.416779049842717
2.0263609417703323 11.419071631184257
2.1225790164641074 11.46393303685164
2.223386496397228 11.444926832003585
2.328959972264057 11.489889813411088
2.4395615289440578 11.492197075983785
2.5554115594096425 11.505200105911083
2.6767713751982414 11.49681299117306
2.8038730098615954 11.541979814548663
2.937032582815098 11.533565887966112
3.0764970145410024 11.568113305571057
3.222598863856524 11.570436276052085
3.375618127008984 11.615892338707031
3.535930618575355 11.607424531025947
3.7038336092426176 11.642193183365247
3.879727470770731 11.644531029683396
4.063949294177951 11.690278183848042
4.256931745001059 11.714395108793926
4.459092058310317 11.7167474538412
4.670802252855037 11.79564365586682
4.892518619389199 11.941521984125018
5.1247436709930465 12.111712185663908
5.368041254521189 12.215969455161106
5.622871988749952 12.344063734435455
5.8898638685551425 12.392559099790935
6.169523816827783 12.452821204288792
6.462502499126898 12.466911147728519
6.769373197069279 12.504254289463498
7.090782639982576 12.576750965675245
7.427429573776533 12.673219211909588
7.780179908112935 12.652208115660894
8.145010204474024 12.793342111945893
8.56958011868163 12.811466143061722
8.9418654553762 12.849626352156282
9.366395685787815 12.948187651679696
9.793740835049865 13.13817786105835
10.276974447307857 13.074421822115013
10.764614438246621 13.379685140730377
11.275972713819437 13.275762173582006
11.811355237835603 13.352731868014178
12.372157692734579 13.430147814328816
12.959627164961319 13.482910011531084
13.574886419879297 13.598970512402508
14.219377179486733 13.703279553704542
14.894489303122642 13.79555232106953
15.60163044802951 13.901369216218367
16.342344318301027 14.007997765372634
17.118224836022645 14.115444194213307
17.930913821906824 14.23694953110289
18.78218527729964 14.359500782431263
19.67374900657309 14.537086680231859
20.607729768826694 14.675864276238185
21.586083258609143 14.80219369304542
22.610779077929593 14.971324050518312
23.68408073153759 15.156476449829308
24.808445781001566 15.301167020361149
25.985987053685292 15.519238778922348
27.21954721259957 15.696562117396134
28.51148806534886 15.935082384199806
29.86484175441762 16.147164215934215
31.282289658259952 16.407784473861284
32.767215635517715 16.610701774459546
34.322363112733726 16.894508911207122
35.950761729156014 17.34372061710394
38.244150093996254 17.57572646774548
40.05923545854218 17.876021823883836
41.96040063089998 18.198365277684502
43.95165674747148 18.561014106773026
46.03762306424953 18.878143890950735
48.22244092810827 19.23644009140792
50.51078770063113 19.638030840955423
52.907643680784815 20.066659513811526
55.63262564715626 20.56992879734505
57.88807731937174 20.907444617357633
60.80285152746337 21.33000078658491
63.6872023186264 21.978761204650656
67.22715646709015 22.459231310336957
70.32561922955452 23.132166692824022
73.7579080357986 23.603507807659845
77.2574159948465 24.208581134086334
80.92296114613005 24.829165448681874
84.76215866983631 25.513070537638562
88.78349779361852 26.215813399119995
92.99547573990584 26.962977857050397
